6
1999 10 2
172
张三
10001
6
60
3332.3
12.6	479.48	100米
15.1	580.18	110米栏
3.92	1277.16	1500米
2.09	485.77	跳高
18.73	509.71	铅球
1999 10 10
180
李四
10002
1
65
5500
10	1300	100米
14	900	110米栏
4	1200	1500米
3	1700	跳高
18	400	铅球
1999 10 10
172
王五
10003
3
60
4870
13	400	100米
13.5	1100	110米栏
4.1	1120	1500米
4	1700	跳高
19	550	铅球
1998 5 5
240
王五一
10004
2
70
5170
10.5	1100	100米
14.9	630	110米栏
4.2	1040	1500米
3.4	1700	跳高
20	700	铅球
1999 8 8
240
张武
1005
5
60
3840
11	900	100米
13.9	940	110米栏
4	1200	1500米
2.1	500	跳高
17	300	铅球
1999 1 1
170
李毅
10006
4
60
4350
12	600	100米
15	600	110米栏
3.95	1250	1500米
2.9	1700	跳高
16	200	铅球
